Build,Physical SLOC,Statements,Declarations,Logical SLOC
B886, 9779, 913, 2168, 3081
B888, 9804, 913, 2174, 3087
B890, 9804, 913, 2174, 3087
B892, 9927, 934, 2217, 3151
B894, 9932, 934, 2219, 3153
B896, 9938, 938, 2222, 3160
B897, 9921, 932, 2219, 3151
B899, 9921, 932, 2219, 3151
B900, 9986, 940, 2229, 3169
B901, 9921, 932, 2219, 3151
B903, 9919, 928, 2216, 3144
B905, 9919, 928, 2216, 3144
B912, 9920, 928, 2216, 3144
B915, 9920, 928, 2216, 3144
B919, 9920, 928, 2216, 3144
B921, 9920, 928, 2216, 3144
B925, 9920, 928, 2216, 3144
