Build,Intel NUC DC53427HYE,Intel NUC 6CAYH,Kontron Technology KTQM77/mITX
B886,1097,776,2637
B888,1053,779,2636
B890,1083,776,2477
B892,1075,777,2456
B894,1105,782,2788
B896,1078,778,2364
B897,1105,783,2560
B899,1108,784,2869
B900,1076,1177,3590
B901,1099,784,2858
B903,1065,779,2662
B905,1127,778,3110
B912,1102,778,2505
B915,1069,774,2741
B919,1102,779,2567
B921,1084,778,2497
B925,1115,786,2566
B929,1063,777,2616
B931,1051,784,2448
B933,1087,779,2501
B935,1116,780,2487
B939,1069,779,2510
B945,1095,781,2493
B947,1023,777,2474
B948,1088,784,2488
B950,1074,779,2644
B952,1078,780,2539
B954,1081,782,2492
B957,1076,782,2608
B958,1110,780,2571
B960,1082,779,2460
B962,1086,779,2481
B966,1089,778,2695
B968,1075,779,2426
B970,1079,778,2466
B972,1070,779,2623
B974,1099,775,2501
B976,1087,781,2425
B980,1102,780,2650
B981,1081,776,2428
B983,1088,779,2571
B984,1076,778,2454
B986,1073,778,2398
B988,1117,783,2479
B990,1120,783,2440
B993,1120,780,2511
B997,1085,778,2504
B999,1070,788,2566
B1001,1108,786,2420
B1003,1105,780,2413
B1005,1092,779,2420
